[1.         0.74880178 0.89430802 0.49902311 0.22571599 0.14883217
 0.08380269 0.04548143 0.05101464 0.14130863 1.        ]
[2.37956494e-03 1.25907584e-04 1.52675039e-04 3.61537376e-04
 1.06974402e-03 2.22897992e-03 4.45452142e-03 2.83411785e-03
 3.73277832e-03 3.74458021e-03 1.00000000e+00]
[3.35965838e-05 1.30177250e-01 2.49486066e-01 3.69664538e-01
 3.35810751e-01 2.04954704e-01 1.33699736e-01 7.22576829e-02
 5.09015225e-02 4.56050453e-02 1.00000000e+00]
[0.97754242 0.7203005  0.98725271 0.54534446 0.23292771 0.16524702
 0.09456244 0.05712596 0.06121756 0.19463934 1.        ]
[2.37917877e-03 1.42695262e-04 2.21486324e-04 5.47258630e-04
 1.37914690e-03 1.80971941e-03 1.49018163e-03 7.02368337e-04
 5.65572472e-04 3.94166338e-04 1.00000000e+00]
[3.28242485e-05 2.02470587e-01 2.76017117e-01 3.93342760e-01
 3.80568840e-01 2.31675928e-01 1.46606632e-01 6.92264090e-02
 4.87749700e-02 4.50137958e-02 1.00000000e+00]
[0.73750719 0.44581637 0.89220712 0.62865407 0.25660361 0.15862376
 0.07220972 0.04513641 0.04085696 0.12329523 1.        ]
[2.37917877e-03 8.25394161e-05 1.26870807e-04 3.41727109e-04
 1.03353730e-03 2.26612959e-03 3.42100836e-03 3.53648619e-03
 4.25310499e-03 6.14899488e-03 1.00000000e+00]
[3.20519133e-05 1.46748087e-01 3.15196542e-01 3.28481469e-01
 2.05153862e-01 9.38347477e-02 5.17557704e-02 2.44350248e-02
 1.73517635e-02 1.36775719e-02 1.00000000e+00]
[0.70689413 0.32803123 0.74308017 0.70864792 0.35598777 0.24880723
 0.12398151 0.07512877 0.0810126  0.20926291 1.        ]
[2.37917877e-03 1.37099369e-04 1.84930329e-04 5.79450315e-04
 1.64576003e-03 2.62170496e-03 2.90024596e-03 1.49099243e-03
 1.37999683e-03 2.01024832e-03 1.00000000e+00]
[3.08934104e-05 1.34323806e-01 3.94776793e-01 4.68505390e-01
 2.39744446e-01 9.61008773e-02 5.14112661e-02 2.81563447e-02
 1.93425786e-02 2.04966496e-02 1.00000000e+00]
[0.67619921 0.39957751 0.6649514  0.46272574 0.23086393 0.16069884
 0.11491223 0.07673066 0.07492704 0.13874655 1.        ]
[2.37763410e-03 1.00306375e-03 2.43419921e-03 2.22122621e-03
 9.51249296e-04 6.89922357e-04 5.84856230e-04 1.47867018e-04
 1.35737393e-04 1.14308238e-03 1.00000000e+00]
[3.01210751e-05 9.00840783e-02 2.39940650e-01 3.47328462e-01
 2.60971459e-01 1.50026270e-01 9.69419230e-02 5.34292826e-02
 3.24186141e-02 3.04296413e-02 1.00000000e+00]
[0.66677904 0.46588744 0.43058232 0.21373545 0.09755736 0.06502784
 0.04163696 0.0262464  0.02522453 0.15628695 1.        ]
[2.37724793e-03 2.29431597e-04 2.17185618e-04 6.11641999e-04
 1.48776707e-03 2.17590897e-03 2.44357740e-03 1.62653720e-03
 1.35737393e-03 2.08908159e-03 1.00000000e+00]
[2.93487399e-05 5.30560569e-02 1.49961294e-01 3.34860375e-01
 5.09820250e-01 4.29168856e-01 2.90200854e-01 2.16896271e-01
 1.63540936e-01 1.36775719e-01 1.00000000e+00]
[0.62241263 0.4517774  0.74809049 0.41313817 0.1537074  0.08784304
 0.03811981 0.02277152 0.02142389 0.08135593 1.        ]
[2.37647559e-03 5.31609798e-04 7.35420609e-04 1.85225998e-03
 2.35014532e-03 1.31085248e-03 8.01172917e-04 2.46445030e-04
 2.48851888e-04 1.97083169e-04 1.00000000e+00]
[2.93487399e-05 1.29432996e-01 3.43226389e-01 4.42965003e-01
 2.72501654e-01 1.21394492e-01 7.28586651e-02 4.62700545e-02
 3.26900889e-02 3.03113914e-02 1.00000000e+00]
[0.6116428  0.4332438  0.45913255 0.23104715 0.10432473 0.07791877
 0.05658684 0.03818666 0.0368527  0.10327158 1.        ]
[2.37608943e-03 2.19638785e-04 3.26853604e-04 6.85930501e-04
 1.44168578e-03 2.26612959e-03 1.92281500e-03 1.34312542e-03
 1.13114494e-03 8.27749310e-04 1.00000000e+00]
[2.93487399e-05 0.00000000e+00 0.00000000e+00 4.95256679e-06
 3.29152006e-05 3.71496654e-05 5.60821042e-05 2.46445030e-05
 2.26228989e-05 7.88332676e-05 1.00000000e+00]
[0.60542936 0.3570851  0.5881064  0.39817646 0.19336693 0.13519825
 0.08659077 0.05386056 0.05553922 0.11387466 1.        ]
[2.37570326e-03 1.97255215e-04 6.27902976e-04 1.33224047e-03
 1.56676355e-03 1.80971941e-03 1.20175938e-03 1.08435813e-03
 1.08589915e-03 2.20733149e-03 1.00000000e+00]
[2.85764046e-05 8.03808005e-02 2.15379322e-01 4.34523353e-01
 4.55684620e-01 2.69218318e-01 1.60851487e-01 8.60216379e-02
 5.82313418e-02 4.91919590e-02 1.00000000e+00]
[0.59615091 0.29892699 0.51417512 0.43504337 0.2500502  0.19220706
 0.12747462 0.0820662  0.07651064 0.16728419 1.        ]
[2.37570326e-03 1.56684993e-04 2.40839498e-04 6.85930501e-04
 2.27114884e-03 3.99624258e-03 4.11001706e-03 1.84833773e-03
 1.74196322e-03 1.10366575e-03 1.00000000e+00]
[2.78040694e-05 9.33282970e-02 1.78339498e-01 3.04050457e-01
 3.75927797e-01 3.14721351e-01 2.42843523e-01 2.27579663e-01
 1.91570708e-01 1.71225857e-01 1.00000000e+00]
[0.57107975 0.37413578 0.57424308 0.3294497  0.15674548 0.11270678
 0.09253547 0.06317618 0.0641133  0.1414663  1.        ]
[2.37531709e-03 2.37825436e-04 7.74126957e-04 1.59720279e-03
 2.24810820e-03 2.38819277e-03 1.78661561e-03 1.60189270e-03
 2.14917540e-03 2.32558140e-03 1.00000000e+00]
[2.74179017e-05 1.32060268e-01 2.88695596e-01 4.57619648e-01
 4.00778774e-01 2.29876822e-01 1.29757966e-01 8.20908396e-02
 6.25296926e-02 6.26330311e-02 1.00000000e+00]
[0.54400438 0.21652327 0.49111689 0.487288   0.32272367 0.26316823
 0.23591338 0.15675136 0.14388164 0.16606228 1.        ]
[2.37415859e-03 3.11971013e-04 4.98881817e-04 1.37186100e-03
 1.85641731e-03 9.44662920e-04 6.89008709e-04 3.32700791e-04
 2.48851888e-04 3.15333071e-04 1.00000000e+00]
[2.66455665e-05 0.00000000e+00 2.15035266e-06 1.23814170e-05
 3.62067206e-05 0.00000000e+00 8.01172917e-06 0.00000000e+00
 0.00000000e+00 1.18249901e-04 1.00000000e+00]
[0.53845477 0.27464221 0.58624419 0.45744631 0.23130828 0.1700924
 0.12285186 0.08860931 0.08906635 0.16259361 1.        ]
[2.37145542e-03 1.17513745e-04 1.56975744e-04 4.35825878e-04
 1.03353730e-03 2.32450763e-03 2.87621077e-03 2.19336077e-03
 2.82786236e-03 3.50808041e-03 1.00000000e+00]
[2.62593988e-05 1.10944167e-01 1.84397041e-01 3.19960578e-01
 4.41382965e-01 4.06284662e-01 3.10710881e-01 3.05850605e-01
 2.65909554e-01 2.62514781e-01 1.00000000e+00]
[0.53584775 0.41338398 0.33675168 0.15248953 0.06328276 0.03784489
 0.02488443 0.01529191 0.01576816 0.08159243 1.        ]
[2.37068308e-03 3.21763825e-04 1.01496645e-03 1.43129180e-03
 1.13228290e-03 1.13041125e-03 6.48950063e-04 4.80567809e-04
 5.65572472e-04 1.26133228e-03 1.00000000e+00]
[2.58732312e-05 6.22892797e-02 1.56459659e-01 3.54826648e-01
 5.14326341e-01 3.80821220e-01 2.16677215e-01 1.59794958e-01
 9.73689569e-02 6.92550256e-02 1.00000000e+00]
[0.51489738 0.33363551 0.57718691 0.34892071 0.13912268 0.08170273
 0.03944174 0.02252508 0.01961405 0.06874261 1.        ]
[2.37029691e-03 4.91039577e-04 1.03862033e-03 2.08503062e-03
 2.33039620e-03 1.67173494e-03 1.17772419e-03 4.80567809e-04
 4.97703776e-04 2.75916437e-04 1.00000000e+00]
[2.54870636e-05 1.52271233e-01 4.09504559e-01 5.32522268e-01
 3.18168203e-01 1.43896575e-01 7.33153336e-02 3.81989797e-02
 2.50209262e-02 2.37682302e-02 1.00000000e+00]
[0.49546002 0.24703348 0.45498022 0.32534897 0.16698869 0.11619885
 0.08690323 0.05228331 0.05642151 0.10074892 1.        ]
[2.36991075e-03 5.20418013e-04 1.33106830e-03 1.93150105e-03
 1.41535362e-03 1.11979706e-03 4.08598188e-04 3.20378540e-04
 2.94097686e-04 5.12416240e-04 1.00000000e+00]
[2.51008959e-05 1.22982331e-01 1.76578359e-01 3.60145705e-01
 5.16745608e-01 4.23033854e-01 3.25580650e-01 2.45989107e-01
 2.32970613e-01 2.49231376e-01 1.00000000e+00]
[0.48346527 0.25478799 0.28303802 0.15434427 0.06808838 0.04723315
 0.02549332 0.01670897 0.01674095 0.06223886 1.        ]
[2.36952458e-03 2.05649054e-04 3.05350077e-04 6.85930501e-04
 1.73792259e-03 2.28735797e-03 2.19521379e-03 1.65118170e-03
 1.22163654e-03 1.14308238e-03 1.00000000e+00]
[2.51008959e-05 1.39897315e-06 0.00000000e+00 0.00000000e+00
 0.00000000e+00 0.00000000e+00 1.60234583e-05 0.00000000e+00
 0.00000000e+00 3.94166338e-05 1.00000000e+00]
[0.4800975  0.33824653 0.51222045 0.26864456 0.09911096 0.05492843
 0.02881018 0.01490992 0.01325702 0.0364998  1.        ]
[2.36913841e-03 2.79794631e-04 3.65559952e-04 8.88985739e-04
 1.66550915e-03 2.14406640e-03 1.65041621e-03 1.10900264e-03
 1.10852205e-03 1.30074892e-03 1.00000000e+00]
[2.47147283e-05 2.36037548e-01 3.33773439e-01 3.00618328e-01
 1.87024170e-01 1.19330032e-01 8.21763061e-02 5.63743007e-02
 3.89113861e-02 3.08238076e-02 1.00000000e+00]
[0.47051436 0.18795484 0.43227249 0.3785643  0.18997008 0.12934452
 0.06971807 0.03514306 0.03173993 0.05321246 1.        ]
[2.36875224e-03 4.64459087e-04 1.61921555e-03 2.18903452e-03
 1.21786242e-03 7.00536547e-04 2.80410521e-04 1.60189270e-04
 6.78686967e-05 3.15333071e-04 1.00000000e+00]
[2.39423931e-05 1.33206027e-01 3.71804576e-01 5.31927960e-01
 3.63044788e-01 1.71328950e-01 8.81690795e-02 3.68681766e-02
 2.04963464e-02 1.77769019e-02 1.00000000e+00]
[0.46873992 0.26478924 0.47859539 0.29954114 0.13023557 0.07662915
 0.04045923 0.01954309 0.01667308 0.03322822 1.        ]
[2.36875224e-03 2.26633651e-04 4.25769826e-04 1.31738277e-03
 3.41001478e-03 3.09934351e-03 2.00293229e-03 7.02368337e-04
 7.91801461e-04 4.33582972e-04 1.00000000e+00]
[2.35562254e-05 1.28866412e-01 2.66192156e-01 4.45366998e-01
 4.60095257e-01 3.24597855e-01 2.20026118e-01 1.68100155e-01
 1.44944913e-01 1.07646827e-01 1.00000000e+00]
[0.46784208 0.26018522 0.39059221 0.21288361 0.09064517 0.06135002
 0.03370534 0.01859428 0.01536095 0.04186047 2.        ]
[2.36836607e-03 2.51815168e-04 4.77378290e-04 9.26129990e-04
 1.15532354e-03 6.52772692e-04 4.00586459e-04 2.09478276e-04
 2.94097686e-04 1.18249901e-04 2.00000000e+00]
[2.31700578e-05 4.57868525e-01 5.14901944e-01 2.73579790e-01
 1.10792565e-01 4.43726218e-02 2.38108591e-02 1.36407324e-02
 1.24199715e-02 1.51359874e-02 2.00000000e+00]
[0.44708326 0.28478197 0.38408524 0.22874915 0.1129913  0.07795061
 0.05266911 0.03434211 0.03117435 0.07134411 2.        ]
[2.36643524e-03 8.25394161e-05 1.31171512e-04 4.18491894e-04
 1.23761154e-03 3.21079251e-03 5.06341284e-03 5.55733544e-03
 6.10818270e-03 6.46432795e-03 2.00000000e+00]
[2.27838902e-05 8.35368839e-02 2.78354550e-01 5.59924820e-01
 5.41481382e-01 2.83674845e-01 1.54690467e-01 6.80804397e-02
 3.97031876e-02 2.76704769e-02 2.00000000e+00]
[0.4378944  0.36106798 0.43568725 0.16517801 0.05208172 0.02756505
 0.01644808 0.00972226 0.00841572 0.0409933  2.        ]
[2.36604907e-03 3.10572040e-04 3.78462068e-04 9.95465925e-04
 1.73463107e-03 1.95301098e-03 1.42608779e-03 6.77723834e-04
 1.19901364e-03 5.12416240e-04 2.00000000e+00]
[2.20115549e-05 9.39452442e-02 2.42716756e-01 5.00278582e-01
 5.73027310e-01 3.61853662e-01 2.34951970e-01 1.45193090e-01
 1.23792503e-01 1.04690579e-01 2.00000000e+00]
[0.41075222 0.23257509 0.33985679 0.18784343 0.08804487 0.06445998
 0.04582709 0.03233359 0.0336855  0.08336618 2.        ]
[2.36604907e-03 4.19691946e-04 9.31102701e-04 1.92407220e-03
 2.40939268e-03 1.51782919e-03 9.93454417e-04 5.17534564e-04
 6.33441169e-04 3.94166338e-04 2.00000000e+00]
[2.16253873e-05 1.57997230e-01 3.99163513e-01 4.66529315e-01
 2.99330834e-01 1.46374989e-01 8.35783587e-02 4.78103359e-02
 3.16720585e-02 2.90106425e-02 2.00000000e+00]
[0.40159155 0.18655027 0.4368893  0.32157264 0.14603487 0.09681203
 0.06315646 0.04068807 0.03411533 0.05206937 2.        ]
[2.36566290e-03 1.20311691e-04 4.10717358e-04 7.60219003e-04
 1.42851970e-03 1.96362517e-03 2.28334281e-03 2.50141706e-03
 3.21245164e-03 4.53291289e-03 2.00000000e+00]
[2.12392196e-05 1.76814818e-01 2.90039566e-01 3.79428523e-01
 3.41982351e-01 2.43049032e-01 1.86112469e-01 1.34337186e-01
 1.07504016e-01 1.09538825e-01 2.00000000e+00]
[0.37532829 0.18854381 0.42841261 0.28197687 0.11184585 0.0647784
 0.03352107 0.0183848  0.01685406 0.03480489 2.        ]
[2.36527673e-03 9.09332550e-05 2.30087734e-04 6.95835634e-04
 2.05061700e-03 3.55575369e-03 2.62784717e-03 2.04549375e-03
 1.44786553e-03 1.41899882e-03 2.00000000e+00]
[2.08530520e-05 1.20001119e-01 3.05894117e-01 4.17721770e-01
 3.20584179e-01 1.85159239e-01 1.21754248e-01 6.54188333e-02
 3.88661403e-02 3.50413875e-02 2.00000000e+00]
[0.37520742 0.22274311 0.31878118 0.19220664 0.09783714 0.06932658
 0.04801429 0.03154496 0.03384386 0.0822231  2.        ]
[2.36527673e-03 4.75650872e-05 8.38637537e-05 2.77343740e-04
 7.53758093e-04 1.39576600e-03 1.97088538e-03 1.70047071e-03
 1.96819220e-03 1.69491525e-03 2.00000000e+00]
[2.00807168e-05 9.24287573e-02 1.90071822e-01 3.86012961e-01
 6.08674472e-01 5.68097990e-01 4.39619603e-01 3.52958573e-01
 3.12535348e-01 3.29207726e-01 2.00000000e+00]
[0.36795326 0.18683706 0.37276578 0.25219956 0.11999236 0.07498925
 0.04452118 0.02459521 0.02117503 0.05238471 2.        ]
[2.36373206e-03 2.85390523e-04 3.65559952e-04 9.40987690e-04
 2.26785732e-03 3.16302865e-03 3.43703181e-03 2.39051680e-03
 2.08130670e-03 2.68033110e-03 2.00000000e+00]
[1.96945491e-05 2.61322589e-01 3.61377516e-01 3.90249882e-01
 3.07855871e-01 2.03691615e-01 1.40758070e-01 1.19341006e-01
 9.96991154e-02 1.28577060e-01 2.00000000e+00]
[0.36300916 0.24656902 0.35210304 0.18988141 0.08449003 0.05881323
 0.03911326 0.02639426 0.02416126 0.05786362 2.        ]
[2.36334590e-03 3.34354584e-04 4.08567005e-04 9.97942208e-04
 2.81424965e-03 4.11299867e-03 4.05393496e-03 1.58957045e-03
 1.22163654e-03 1.30074892e-03 2.00000000e+00]
[1.89222139e-05 1.74029462e-01 3.80595218e-01 5.23241158e-01
 4.40563377e-01 2.35815462e-01 1.30214634e-01 7.23439387e-02
 3.99972853e-02 3.81947182e-02 2.00000000e+00]
[0.35560941 0.18811992 0.32886203 0.22259807 0.10772158 0.07434179
 0.04389626 0.0262464  0.02287175 0.04260938 2.        ]
[2.36218739e-03 1.02125040e-04 1.84930329e-04 4.58112428e-04
 1.45156035e-03 2.42534244e-03 2.80410521e-03 2.58767282e-03
 2.10392960e-03 2.24674813e-03 2.00000000e+00]
[1.85360462e-05 1.61682125e-01 4.20781008e-01 5.66524115e-01
 3.84354089e-01 1.76333540e-01 9.74546736e-02 5.45013185e-02
 3.84363052e-02 4.06779661e-02 2.00000000e+00]
[0.35368398 0.18369916 0.17164545 0.09386847 0.05144975 0.03995181
 0.03139797 0.02178574 0.02979436 0.10137958 2.        ]
[2.36218739e-03 2.93784362e-04 2.88147256e-04 8.22126087e-04
 1.72475651e-03 2.59516948e-03 2.39550702e-03 1.31848091e-03
 1.60622582e-03 1.69491525e-03 2.00000000e+00]
[1.81498786e-05 2.27149872e-01 4.80915620e-01 5.39327095e-01
 2.95394176e-01 1.19043449e-01 6.74026775e-02 3.01525495e-02
 2.12881479e-02 2.22309815e-02 2.00000000e+00]
[0.35052861 0.1816105  0.35455015 0.24831427 0.1247124  0.08950947
 0.06722642 0.04834019 0.04318711 0.08167127 2.        ]
[2.36141506e-03 1.45493208e-04 2.70944435e-04 9.43463974e-04
 2.36660292e-03 3.10465061e-03 2.53170642e-03 1.44170343e-03
 7.01309866e-04 1.22191565e-03 2.00000000e+00]
[1.81498786e-05 0.00000000e+00 0.00000000e+00 2.47628340e-06
 6.58304011e-06 3.71496654e-05 0.00000000e+00 0.00000000e+00
 0.00000000e+00 0.00000000e+00 2.00000000e+00]
[0.34734736 0.23917405 0.32875022 0.16690893 0.06317414 0.03735133
 0.01816259 0.01035069 0.00920752 0.02912889 2.        ]
[2.36064272e-03 2.76996684e-04 3.76311715e-04 1.04994416e-03
 1.33635714e-03 7.16457832e-04 5.60821042e-04 2.46445030e-04
 2.71474787e-04 7.88332676e-05 2.00000000e+00]
[1.77637110e-05 1.42006967e-01 2.73161448e-01 4.28414361e-01
 5.04155544e-01 4.08370350e-01 2.95969299e-01 2.67737881e-01
 2.50797457e-01 2.92274340e-01 2.00000000e+00]
[0.34300336 0.09979995 0.28733227 0.33382529 0.19153355 0.1344924
 0.08596585 0.05599231 0.04563039 0.05632637 2.        ]
[2.35987039e-03 1.91659322e-04 3.24703251e-04 7.05740768e-04
 1.63588547e-03 2.55271272e-03 3.20469167e-03 2.88340686e-03
 3.57441803e-03 4.25699645e-03 2.00000000e+00]
[1.73775433e-05 2.72367482e-01 5.51986926e-01 5.33696026e-01
 2.58545609e-01 1.05176010e-01 4.97768733e-02 3.00786160e-02
 2.18537203e-02 1.80528183e-02 2.00000000e+00]
[0.33859564 0.23468194 0.28180157 0.14330995 0.05612042 0.02953929
 0.01328345 0.0067033  0.00637966 0.02763106 2.        ]
[2.35987039e-03 3.41349450e-04 1.39127817e-03 2.14446142e-03
 1.23102850e-03 8.38521019e-04 3.04445709e-04 1.97156024e-04
 1.80983191e-04 1.97083169e-04 2.00000000e+00]
[1.66052081e-05 3.11029504e-01 4.20406847e-01 3.70801152e-01
 2.53391089e-01 1.49707844e-01 1.08446766e-01 7.08406240e-02
 5.37067620e-02 5.31730390e-02 2.00000000e+00]
[0.33793413 0.11582099 0.25425125 0.25866761 0.16133386 0.12946658
 0.08404304 0.04979422 0.04737235 0.07351202 2.        ]
[2.35948422e-03 2.90986416e-04 3.87063478e-04 1.02518133e-03
 1.93212227e-03 2.34573601e-03 2.31538973e-03 1.61421495e-03
 1.42524263e-03 1.22191565e-03 2.00000000e+00]
[1.62190405e-05 1.09238819e-01 2.73671082e-01 4.98295079e-01
 5.88036641e-01 4.41677679e-01 3.02763245e-01 2.27074451e-01
 1.87181865e-01 1.59873867e-01 2.00000000e+00]
[0.33225901 0.08443922 0.20068381 0.20361983 0.12087449 0.11028144
 0.101773   0.08381595 0.09528765 0.18439101 2.        ]
[2.35909805e-03 1.44094235e-04 3.13951488e-04 9.18701140e-04
 1.40877058e-03 1.32677376e-03 1.11363035e-03 7.02368337e-04
 4.29835079e-04 4.33582972e-04 2.00000000e+00]
[1.50605376e-05 1.38046474e-01 2.49410803e-01 4.12080796e-01
 5.88974724e-01 6.01463697e-01 5.31249750e-01 5.90026370e-01
 5.35823360e-01 5.42845881e-01 2.00000000e+00]
[0.3276559  0.10828892 0.27678479 0.2478834  0.12709546 0.08940863
 0.05270917 0.02958573 0.02456847 0.03322822 2.        ]
[2.35909805e-03 2.74198738e-04 8.32186479e-04 1.88445166e-03
 1.97820355e-03 1.80441232e-03 1.54626373e-03 6.77723834e-04
 6.78686967e-04 4.72999606e-04 2.00000000e+00]
[1.46743699e-05 4.54340314e-01 5.47103475e-01 4.52436787e-01
 2.50231229e-01 1.17833432e-01 6.16342325e-02 2.94748256e-02
 1.93425786e-02 1.92353173e-02 2.00000000e+00]
[0.3272427  0.2340594  0.29531868 0.15431208 0.06064626 0.03408747
 0.01797832 0.00906918 0.00791801 0.02629089 2.        ]
[2.35832572e-03 7.97414698e-05 6.88112851e-05 1.68387271e-04
 4.77270408e-04 9.55277110e-04 1.11363035e-03 5.05212312e-04
 3.61966382e-04 6.70082775e-04 2.00000000e+00]
[1.42882023e-05 1.88680908e-01 5.55195252e-01 6.16428655e-01
 2.94887282e-01 1.08933433e-01 5.69714061e-02 3.14463859e-02
 2.16727371e-02 1.95506504e-02 2.00000000e+00]
[0.32588879 0.09489794 0.3051544  0.35975693 0.20913002 0.14044696
 0.09591642 0.06158661 0.05764315 0.07836027 2.        ]
[2.35678105e-03 1.45493208e-04 2.73094788e-04 8.56794055e-04
 2.18886084e-03 3.67250978e-03 3.65334850e-03 2.56302832e-03
 2.30753569e-03 2.04966496e-03 2.00000000e+00]
[1.31296994e-05 1.51552161e-01 3.81825219e-01 6.14492201e-01
 4.59552156e-01 2.26745636e-01 1.33379267e-01 7.46235552e-02
 5.09015225e-02 3.96531336e-02 2.00000000e+00]
[0.31008141 0.18682027 0.37826424 0.22673594 0.08078707 0.03894346
 0.0168727  0.00869951 0.00864195 0.02794639 3.        ]
[2.35678105e-03 1.52488074e-04 4.60175469e-04 1.18366346e-03
 3.01832389e-03 3.33285569e-03 2.50767123e-03 9.61135619e-04
 7.91801461e-04 6.70082775e-04 3.00000000e+00]
[1.27435318e-05 5.01817266e-01 5.31349991e-01 3.66960436e-01
 2.14156169e-01 1.20370223e-01 7.83867582e-02 6.53695443e-02
 5.66477388e-02 5.20693733e-02 3.00000000e+00]
[0.29377548 0.09703418 0.23701402 0.24074922 0.15315443 0.13145674
 0.11175561 0.08286714 0.08829717 0.11836815 3.        ]
[2.35678105e-03 8.81353087e-05 1.22570101e-04 4.08586760e-04
 1.31989954e-03 3.18956413e-03 4.44650969e-03 4.80567809e-03
 6.15342850e-03 5.95191171e-03 3.00000000e+00]
[1.19711965e-05 1.80717953e-01 4.64882591e-01 6.84660167e-01
 4.71740655e-01 2.38750285e-01 1.35935009e-01 8.39145329e-02
 5.95660928e-02 5.83760347e-02 3.00000000e+00]
[0.29248375 0.1303773  0.30619302 0.24247024 0.12418576 0.08683469
 0.06155412 0.04156295 0.04033663 0.06570753 3.        ]
[2.35678105e-03 3.27359718e-04 4.85979701e-04 1.01775248e-03
 2.51472132e-03 2.99320161e-03 2.98837498e-03 1.58957045e-03
 1.33475103e-03 1.34016555e-03 3.00000000e+00]
[1.15850289e-05 1.62367622e-01 2.92826424e-01 4.77870693e-01
 5.75091093e-01 4.31588891e-01 3.37718420e-01 2.08985386e-01
 1.53043911e-01 1.22230981e-01 3.00000000e+00]
[0.29140364 0.10473832 0.11324832 0.06852867 0.03688477 0.03406624
 0.02349039 0.01599428 0.01920684 0.10808041 3.        ]
[2.35562254e-03 5.55392342e-04 7.67675899e-04 1.52786686e-03
 2.51801284e-03 2.01138903e-03 1.61836929e-03 5.29856815e-04
 5.88195371e-04 5.91249507e-04 3.00000000e+00]
[1.11988613e-05 1.85572390e-01 2.84797007e-01 4.14770040e-01
 5.06561645e-01 4.48598131e-01 4.26848907e-01 3.43150060e-01
 3.08259620e-01 3.02680331e-01 3.00000000e+00]
[0.28853943 0.14881717 0.31119259 0.2072352  0.08963138 0.05877608
 0.03304838 0.02031939 0.01637898 0.04201813 3.        ]
[2.35446404e-03 3.63733020e-04 5.05332875e-04 1.33966932e-03
 2.53447044e-03 2.34573601e-03 1.56228719e-03 8.00946349e-04
 6.10818270e-04 7.48916043e-04 3.00000000e+00]
[1.08126936e-05 4.09121305e-01 3.57356356e-01 3.51023076e-01
 2.81168226e-01 1.87542125e-01 1.52359054e-01 1.01042462e-01
 8.31165306e-02 1.03074497e-01 3.00000000e+00]
[0.2840429  0.12542494 0.28906331 0.26931315 0.13152914 0.07855562
 0.03156621 0.01714025 0.01884487 0.04741821 3.        ]
[2.35446404e-03 2.74198738e-04 9.24651643e-04 1.68139643e-03
 1.30015042e-03 1.13571834e-03 3.60527813e-04 3.45023043e-04
 2.71474787e-04 2.75916437e-04 3.00000000e+00]
[1.00403584e-05 2.71670794e-01 5.57268192e-01 5.79328977e-01
 4.01621403e-01 2.29420412e-01 1.30014341e-01 9.77031323e-02
 7.90444088e-02 5.88096177e-02 3.00000000e+00]
[0.28083539 0.23367748 0.22921254 0.09149867 0.02824124 0.0148864
 0.00617704 0.00352416 0.00359704 0.04729996 3.        ]
[2.35330554e-03 2.11244946e-04 6.64458971e-04 1.30995392e-03
 1.31002498e-03 1.47537243e-03 9.85442688e-04 8.25590852e-04
 9.95407552e-04 2.16791486e-03 3.00000000e+00]
[8.49568786e-06 1.12136092e-01 2.95335885e-01 6.16517801e-01
 7.91070764e-01 5.25423639e-01 3.26309717e-01 1.65487838e-01
 1.03296156e-01 7.03586914e-02 3.00000000e+00]
[0.28006189 0.06836502 0.20589627 0.28389103 0.20078601 0.16622883
 0.11175561 0.07511645 0.06721263 0.08147418 3.        ]
[2.35330554e-03 1.02125040e-04 1.03216928e-04 2.30294356e-04
 4.57521288e-04 6.36851407e-04 3.60527813e-04 2.21800527e-04
 3.61966382e-04 1.97083169e-04 3.00000000e+00]
[8.10952023e-06 3.41026287e-01 6.45424050e-01 6.00580441e-01
 3.15656773e-01 1.44623647e-01 9.15580410e-02 4.80691032e-02
 3.35497591e-02 3.39377217e-02 3.00000000e+00]
[0.27872923 0.16072103 0.27843841 0.18800686 0.08463486 0.04756219
 0.02016552 0.00989477 0.00791801 0.02443831 3.        ]
[2.35291937e-03 1.90260349e-04 5.46189575e-04 1.11432753e-03
 1.32319106e-03 1.67173494e-03 1.28988840e-03 1.28151416e-03
 6.10818270e-04 1.65549862e-03 3.00000000e+00]
[7.72335260e-06 1.18410487e-01 2.24643041e-01 4.34555544e-01
 7.37804095e-01 8.11725496e-01 7.73091806e-01 7.75562511e-01
 7.74743796e-01 8.39061884e-01 3.00000000e+00]
[0.27282009 0.08772121 0.26185274 0.27545681 0.15649532 0.11406539
 0.08707948 0.06451931 0.07133    0.12790698 3.        ]
[2.35291937e-03 4.61661141e-05 7.52623430e-05 2.87248874e-04
 8.45920655e-04 2.25551540e-03 3.23673859e-03 2.63696183e-03
 2.62425627e-03 2.12849823e-03 3.00000000e+00]
[7.33718497e-06 4.30420671e-01 5.38310683e-01 4.40694251e-01
 2.73143500e-01 1.63845946e-01 1.14014918e-01 8.62557607e-02
 6.58326358e-02 6.15293654e-02 3.00000000e+00]
[0.26877846 0.10179628 0.26378591 0.23070542 0.1303409  0.0907301
 0.07251416 0.04975725 0.06187363 0.105203   3.        ]
[2.35214703e-03 6.08553322e-04 1.57405815e-03 2.15189027e-03
 1.90908163e-03 1.71949880e-03 1.02550133e-03 8.99524361e-04
 1.31212814e-03 2.95624754e-03 3.00000000e+00]
[6.17868208e-06 1.77096012e-01 3.71802426e-01 5.73118458e-01
 6.38222448e-01 5.40978734e-01 4.15840791e-01 4.07398280e-01
 3.82372237e-01 3.81631849e-01 3.00000000e+00]
[0.26853016 0.11245925 0.23057156 0.21458481 0.1433457  0.11312073
 0.08096654 0.047071   0.04705563 0.07229011 3.        ]
[2.35137470e-03 1.34301423e-04 2.68794082e-04 5.54687481e-04
 1.35610626e-03 1.33738795e-03 1.24181802e-03 7.51657343e-04
 8.82293057e-04 6.30666141e-04 3.00000000e+00]
[5.79251445e-06 1.59412991e-01 4.37132290e-01 7.72382507e-01
 6.58007775e-01 3.19465894e-01 1.69448072e-01 7.21221382e-02
 4.24631812e-02 3.37800552e-02 3.00000000e+00]
[0.26595828 0.12937564 0.24689274 0.14630378 0.05955018 0.03458103
 0.01719317 0.00935259 0.00626654 0.01667324 3.        ]
[2.35098853e-03 2.36426463e-04 4.88130053e-04 1.02518133e-03
 2.12961348e-03 2.08568836e-03 2.05901440e-03 6.65401582e-04
 3.61966382e-04 5.51832873e-04 3.00000000e+00]
[5.02017919e-06 3.35504540e-01 6.64362205e-01 7.52837202e-01
 4.45141881e-01 2.04323160e-01 1.02862591e-01 6.35704956e-02
 3.87982716e-02 3.30311391e-02 3.00000000e+00]
[0.25948379 0.18471762 0.18581412 0.07166859 0.02491352 0.01575146
 0.01048735 0.00750425 0.01040653 0.03693339 3.        ]
[2.35098853e-03 1.65078832e-04 1.13968691e-04 3.96205343e-04
 1.04012034e-03 1.89994003e-03 2.23527244e-03 1.65118170e-03
 2.55638758e-03 3.46866378e-03 3.00000000e+00]
[4.63401156e-06 2.80852254e-01 5.21239033e-01 6.54553514e-01
 5.57827070e-01 3.62432136e-01 2.49565364e-01 1.74064125e-01
 1.31416420e-01 1.08671659e-01 3.00000000e+00]
[0.25467253 0.13694968 0.29020944 0.18864079 0.07403945 0.03826946
 0.01744153 0.00995638 0.00710359 0.02499015 3.        ]
[2.35098853e-03 6.99486577e-05 3.65559952e-05 9.16224856e-05
 4.24606087e-04 7.05843642e-04 8.25208105e-04 6.28434828e-04
 6.56064068e-04 5.51832873e-04 3.00000000e+00]
[3.47550867e-06 6.35132413e-01 6.55298469e-01 4.14356501e-01
 2.14222000e-01 9.67854925e-02 6.23873351e-02 3.42435370e-02
 2.80976404e-02 4.15057154e-02 3.00000000e+00]
[0.25283978 0.20512164 0.22501505 0.08141772 0.02429142 0.01229123
 0.00574441 0.00310521 0.00373278 0.02258573 3.        ]
[2.35060236e-03 2.79794631e-04 3.72011010e-04 8.56794055e-04
 1.68854979e-03 2.47310630e-03 2.25129590e-03 1.63885945e-03
 1.22163654e-03 1.41899882e-03 3.00000000e+00]
[2.31700578e-06 6.55423119e-01 5.93409169e-01 3.48940522e-01
 1.90045785e-01 1.13417928e-01 8.91224753e-02 6.23505927e-02
 5.18290614e-02 6.61016949e-02 3.00000000e+00]
[0.24877498 0.07809208 0.22509892 0.2472569  0.15036322 0.11297744
 0.0666015  0.04215442 0.03434156 0.04438313 3.        ]
[2.34983003e-03 2.85390523e-04 4.02115947e-04 8.86509456e-04
 2.29089796e-03 2.78622490e-03 2.42755394e-03 7.76301846e-04
 8.82293057e-04 8.67165944e-04 3.00000000e+00]
[1.54467052e-06 2.66281949e-01 5.39336401e-01 8.63237344e-01
 8.60985942e-01 5.95312774e-01 4.13781777e-01 3.05641127e-01
 2.32631269e-01 2.02719748e-01 3.00000000e+00]
[0.24832123 0.09262042 0.20383623 0.16342975 0.08614895 0.06327649
 0.04334345 0.02574118 0.02135602 0.02908948 3.        ]
[2.34944386e-03 1.65078832e-04 2.83846551e-04 7.75076703e-04
 2.25469124e-03 4.08646319e-03 4.64680292e-03 2.80947335e-03
 2.55638758e-03 1.93141506e-03 3.00000000e+00]
[7.72335260e-07 5.03890544e-01 1.00000000e+00 1.00000000e+00
 5.66730632e-01 2.51349329e-01 1.43177612e-01 7.02984449e-02
 5.15349637e-02 5.70358691e-02 3.00000000e+00]
[0.2477053  0.12176662 0.20720368 0.12841263 0.05589989 0.03659773
 0.01720919 0.00967297 0.00837047 0.01828932 3.        ]
[2.34828536e-03 1.94457268e-04 3.63409599e-04 1.22823656e-03
 3.09073733e-03 3.73619492e-03 3.03644536e-03 1.73743746e-03
 1.13114494e-03 1.22191565e-03 3.00000000e+00]
[3.86167630e-07 3.37219681e-01 5.08926114e-01 7.56219805e-01
 1.00000000e+00 1.00000000e+00 1.00000000e+00 1.00000000e+00
 1.00000000e+00 1.00000000e+00 3.00000000e+00]
[0.2465634  0.09775605 0.18927834 0.14594967 0.08294631 0.06122265
 0.04783803 0.03158193 0.03778024 0.05845487 3.        ]
[2.34789919e-03 1.77669591e-04 3.31154309e-04 7.99839537e-04
 2.04732548e-03 1.87871165e-03 1.62638102e-03 9.24168864e-04
 8.37047259e-04 7.09499409e-04 3.00000000e+00]
[0.         1.         0.86337949 0.49317412 0.23054794 0.10723516
 0.07455715 0.03968997 0.03472615 0.08517935 3.        ]
